2 0.4203125 0.46875 0.06875 0.06953125
2 0.8421875 0.4890625 0.12734375 0.09921875
2 0.5375 0.47890625 0.10859375 0.11171875
2 0.27734375 0.4765625 0.05078125 0.06171875
2 0.23828125 0.46640625 0.0265625 0.03671875
2 0.32109375 0.45859375 0.03125 0.0515625
3 0.1609375 0.47890625 0.0203125 0.0765625
2 0.64140625 0.47734375 0.10390625 0.10703125
2 0.20390625 0.47734375 0.0484375 0.06484375
2 0.9453125 0.52265625 0.109375 0.265625
2 0.353125 0.465625 0.03515625 0.04140625
2 0.4765625 0.46328125 0.028125 0.05078125