3 0.7546875 0.53515625 0.0359375 0.09375
2 0.56796875 0.53828125 0.11015625 0.096875
3 0.68671875 0.53359375 0.040625 0.10703125
2 0.46484375 0.51953125 0.07109375 0.08828125
2 0.259375 0.5140625 0.02578125 0.03828125
2 0.22421875 0.521875 0.04453125 0.06796875
2 0.9 0.5421875 0.09453125 0.13125
3 0.18984375 0.53125 0.02265625 0.0875
2 0.40625 0.51875 0.04765625 0.06015625
2 0.3 0.52421875 0.04296875 0.06328125
2 0.3328125 0.509375 0.02734375 0.0375
2 0.3515625 0.51171875 0.0265625 0.03046875
2 0.96875 0.5546875 0.0625 0.2796875