3 0.95234375 0.584375 0.0515625 0.13359375
2 0.7234375 0.5890625 0.1640625 0.134375
2 0.2625 0.54921875 0.02421875 0.02890625
3 0.19453125 0.5703125 0.02734375 0.0765625
2 0.53359375 0.56171875 0.09609375 0.1046875
2 0.303125 0.56640625 0.04375 0.053125
2 0.4484375 0.56171875 0.0703125 0.06171875
2 0.2296875 0.565625 0.04765625 0.0578125
3 0.8890625 0.58984375 0.06640625 0.13046875
2 0.35390625 0.5484375 0.03125 0.0390625
2 0.46640625 0.5546875 0.0484375 0.0546875
2 0.37578125 0.5484375 0.0265625 0.0390625