2 0.521875 0.53125 0.07421875 0.08515625
2 0.68828125 0.553125 0.1453125 0.11953125
2 0.334375 0.53046875 0.040625 0.04453125
2 0.8296875 0.56640625 0.11796875 0.14609375
2 0.44453125 0.51953125 0.034375 0.05078125
2 0.2984375 0.51953125 0.025 0.0375
2 0.934375 0.57421875 0.11953125 0.22578125
2 0.60546875 0.5375 0.05546875 0.08125
2 0.41328125 0.5265625 0.03515625 0.04140625
2 0.37734375 0.51640625 0.025 0.0359375
2 0.26640625 0.5265625 0.03984375 0.06171875
3 0.24765625 0.5328125 0.0265625 0.0796875