2 0.93984375 0.525 0.10703125 0.1453125
2 0.83359375 0.51484375 0.2515625 0.1625
2 0.57578125 0.5125 0.1265625 0.109375
2 0.22734375 0.5203125 0.025 0.04921875
2 0.290625 0.5203125 0.03828125 0.046875
2 0.3421875 0.50234375 0.02265625 0.0390625
3 0.2109375 0.53359375 0.0203125 0.08671875
2 0.440625 0.50625 0.06796875 0.0546875
2 0.45859375 0.50703125 0.05859375 0.06328125
2 0.63046875 0.51015625 0.0765625 0.12109375
2 0.25703125 0.5078125 0.02421875 0.0265625
3 0.5109375 0.5 0.02109375 0.07265625
2 0.2359375 0.51328125 0.0375 0.03828125
2 0.37421875 0.50546875 0.02578125 0.0375
2 0.403125 0.50390625 0.028125 0.04765625