2 0.4921875 0.509375 0.0921875 0.0796875
3 0.60234375 0.51875 0.0390625 0.10078125
2 0.38828125 0.5046875 0.05234375 0.05078125
2 0.26328125 0.51796875 0.03671875 0.04296875
2 0.34140625 0.5015625 0.02890625 0.0375
2 0.22890625 0.50859375 0.01953125 0.0328125
3 0.19296875 0.52890625 0.028125 0.0828125
2 0.815625 0.51796875 0.23828125 0.1734375
3 0.66640625 0.51640625 0.05703125 0.1328125
2 0.4234375 0.5046875 0.0453125 0.04765625
2 0.2046875 0.51640625 0.02265625 0.05546875
2 0.40390625 0.50625 0.0609375 0.06171875