2 0.90546875 0.540625 0.1859375 0.2109375
2 0.521875 0.521875 0.08125 0.1015625
2 0.25546875 0.52578125 0.0453125 0.046875
2 0.40390625 0.52109375 0.06171875 0.05390625
3 0.64921875 0.5375 0.0390625 0.11015625
3 0.1875 0.5390625 0.0296875 0.084375
2 0.3453125 0.51875 0.03046875 0.03359375
2 0.22109375 0.51953125 0.02109375 0.0359375
2 0.43515625 0.51875 0.04375 0.0546875
2 0.30546875 0.51484375 0.025 0.03203125
2 0.5734375 0.52109375 0.0328125 0.06953125
3 0.74453125 0.53515625 0.08984375 0.17421875