2 0.63828125 0.5375 0.16796875 0.1328125
2 0.409375 0.5109375 0.078125 0.071875
2 0.96484375 0.5828125 0.0703125 0.16796875
2 0.2640625 0.49140625 0.02890625 0.03984375
2 0.203125 0.4984375 0.03671875 0.0421875
3 0.81328125 0.54765625 0.05625 0.13984375
3 0.13671875 0.51328125 0.02890625 0.09375
2 0.1671875 0.48984375 0.021875 0.03203125
2 0.55703125 0.515625 0.07265625 0.10859375
2 0.30625 0.49921875 0.04140625 0.04140625
2 0.3421875 0.49921875 0.0328125 0.05078125
2 0.24296875 0.48984375 0.01796875 0.02734375