2 0.803125 0.5859375 0.17421875 0.15703125
2 0.50234375 0.565625 0.10390625 0.08125
3 0.16875 0.55390625 0.03203125 0.0828125
2 0.23203125 0.54765625 0.03359375 0.04140625
2 0.259375 0.53046875 0.025 0.0390625
2 0.37578125 0.54765625 0.05703125 0.06015625
3 0.684375 0.57890625 0.0453125 0.12890625
2 0.3140625 0.5390625 0.02421875 0.034375
2 0.9578125 0.6171875 0.08359375 0.2453125
2 0.203125 0.5375 0.025 0.02578125
2 0.53671875 0.56328125 0.06015625 0.08359375
2 0.290625 0.53671875 0.01875 0.0328125